50543
42964
44602
42416
148087
145555
146697
42405
148360
112540
113395
131698
164079
79897
146255
157385
137269
98494
45772
164067
148094
157383
42426
43602
32193
50561
98480
96194
125715
43611
119938
42639
48667
159408
143101
96791
164075
143020
117417
146413
146917
145557
125967
80016
50533
79898
137259
31756
42744
146251
49000
147261
117434
31911
143079
146279
148358
143097
119927
146696
76262
140805
147257
119932
45458
146405
80162
42314
128801
128170
151181
60908
31757
146287
46833
120041
138282
156030
151183
137261
50529
31675
164074
42458
164068
44102
79936
148356
44117
147259
50517
145573
164077
119858
80010
42391
42303
42338
42626
147012
137912
117436
46832
79639
125987
124640
119922
120798
146261
79632
143027
96792
117416
155069
70238
45777
148078
110712
91456
124638
110711
126374
82104
137251
31801
46865
143041
43595
120036
44103
42340
60872
146263
50516
112550
120042
42469
159366
42481
60926
112537
42399
49113
137263
45767
117411
155676
155311
148357
146694
42421
42301
94479
98482
44557
98488
42372
112532
82109
112547
93842
60862
120473
50523
42290
79634
31637
42334
42393
60861
151179
60957
64436
91553
112546
142913
42355
42403
138294
42977
42389
131699
82121
139548
50550
81131
60040
131705
164076
145571
117437
131695
42344
117414
43629
42654
137243
117427
42470
143070
82150
42378
48846
42439
71630
64353
49081
111469
139893
119917
43590
164083
159185
45768
134742
143072
163798
42628
154327
42316
50535
146693
143100
45784
81129
42397
40980
48999
31748
125978
143043
31746
104655
138276
77125
79630
82155
42370
154323
42312
143039
148084
110709
42398
159503
46863
150563
42474
64254
60864
119935
159364
131700
155313
112538
42368
137245
45776
64206
42366
119934
84191
143019
143040
154321
113399
82182
145569
147263
148083
120862
42387
137267
137239
164080
159410
49198
42292
42661
121046
44577
81127
148093
157377
42356
50562
147004
140807
82122
43592
153898
45807
126375
118911
104501
119918
79938
112549
148090
108728
64591
159412
146248
71708
42462
126378
146407
110714
126377
120475
151185
104643
119936
42234
49202
42407
42646
135840
117425
42652
42412
137247
79635
42353
131706
146289
42649
159368
143068
42358
120024
42384
146293
42480
42420
135938
45748
80006
70244
102546
164081
82110
164175
42428
147002
49544
82161
42350
43588
76863
147008
82111
44658
42637
146416
124642
155701
146250
31761
146244
164073
77131
120479
45749
91452
137918
143066
146409
119920
42630
43600
103291
54810
164069
79397
60906
42347
146280
159183
86948
119939
60896
91454
148080
104665
42468
45782
154317
64204
142915
139888
112541
110685
120030
164085
42423
42460
42357
147014
139890
42636
79664
42464
50499
42655
119921
146916
146998
135939
42381
140361
154319
146243
82156
159416
112543
77127
42657
79398
147010
137273
45816
42336
145781
91551
82160
49398
88466
148085
31745
31910
46864
42668
145775
44660
31763
119914
86924
84549
146291
82149
80154
146699
42484
155309
146260
148091
111468
145553
98484
31743
117429
42647
153900
146256
145565
125986
135936
138288
91458
104645
79972
146246
131694
60890
124635
44098
137241
140803
154325
147001
50531
142911
43989
43597
145778
42401
102934
80151
135935
42310
44100
42342
145561
76181
164066
31795
143051
60860
82123
117413
140424
148354
48572
155709
60763
42364
43612
80007
42745
120039
145563
146285
42315
139541
104647
140809
140801
143369
48443
77129
163796
110715
46869
59998
124637
42376
82157
156028
143087
117423
45766
42641
143098
164078
119915
134741
155705
146414
148362
80145
43591
48271
164070
125977
151187
42634
117430
102935
137265
79914
86930
45765
143057
104649
142918
42367
143052
145559
159406
42417
42294
102545
82178
93838
119931
125966
147007
139547
146282
42450
45774
42352
142919
42348
86933
59570
146258
48996
117432
112531
44104
120034
137914
131707
42418
42409
82159
59916
137916
31679
60792
102540
148088
146253
42456
164082
98492
31826
145567
156032
157369
157373
159370
31750
60870
42383
81132
31684
119928
42429
49399
80000
42304
164072
50525
42437
42231
146403
31762
43578
146284
98486
117410
42414
43604
50537
42466
137237
147005
42410
146999
42482
164084
42645
42332
104663
42359
142917
104661
31918
42488
81134
45754
139891
59160
142912
45751
119929
85050
64355
131697
159414
137249
50512
31789
112544
146401
46867
50541
42981
50527
154315
82148
148082
45770
60044
50563
106766
42632
42738
143065
45780
50554
164071
154329
55884
42400
71645
50539
137271
135841
31799
45781
104653
80172
119913
93841
136407
93839
142909
64354
113397
42425
64402
112534
42360
60046
50497
