159412
119918
60046
104655
137241
45765
145553
146261
119929
45751
94479
42376
117411
42628
142918
59160
42292
117425
131699
138276
80172
42381
131705
164068
82161
156030
126378
119922
164175
148087
80016
42981
82156
135938
43597
91553
77131
60040
164073
55884
42421
98482
82149
44660
42384
139891
42425
42301
91456
145781
143057
80162
134742
121046
148093
42370
64206
42383
146258
137245
112532
85050
112540
110711
157383
82110
131698
124638
135935
45748
146699
119917
42407
42655
120034
164075
82159
111468
147008
60862
42450
50539
71708
126375
42417
143097
137259
104501
140809
148082
140807
135939
146246
156028
80000
163798
157385
42234
117430
42336
76262
110714
146255
148083
45776
50531
146250
79898
147014
80010
110685
138282
146251
42639
48996
120042
42439
125986
81131
117437
64204
42626
60908
159408
164083
159185
31762
42231
31799
49000
131700
42481
44102
151179
119932
137249
146401
44100
139541
42338
148354
50499
146289
112550
45784
42366
42397
146998
164069
80145
159410
43590
137269
137916
45766
131695
125715
164071
81127
137261
42364
42649
145557
159370
124637
42340
118911
146693
164074
79664
42641
153900
80007
146279
143087
64354
137263
148084
31675
148088
42469
96792
42423
49198
146916
148080
79639
150563
42332
60890
43989
137243
59998
151181
76863
164066
45754
31637
143100
137271
146414
146253
60872
146917
153898
60957
79634
42303
64254
42632
31801
46832
155069
146405
131707
80154
119914
146409
154317
163796
42738
157373
88466
49399
50497
119931
42399
42482
79630
110712
146287
60926
120862
143079
143052
143027
119938
135841
82182
44103
113395
77127
148357
42426
104645
60044
110709
146293
146243
120041
119928
145561
119858
42356
31795
143019
42462
42428
84549
91454
143066
43600
60763
145565
146697
120473
131706
117429
159406
43602
81132
42474
146248
155309
42418
137239
48846
50562
147263
137237
43588
44104
48443
104647
131697
31757
42646
155701
46869
42414
54810
42368
148356
42400
49081
143051
112537
117413
82121
50516
42637
50517
119927
42290
42359
42645
48999
119915
50535
79397
139893
146416
98484
42964
86933
71645
70244
42466
125967
42744
42668
110715
148078
154323
46865
43604
31789
49113
154321
79914
157369
79972
148094
140801
60870
44557
32193
106766
146407
148091
31918
145775
42357
79635
42401
147004
140424
64402
76181
60860
43629
155311
42353
125966
137251
147005
142913
140803
140805
112543
82122
138288
164082
49202
42647
98494
164081
156032
42654
140361
148090
82157
147261
49398
42977
159414
117417
43611
120030
93838
119921
164076
42389
117434
119936
42304
48667
31756
112544
137914
145559
79398
64355
42470
98486
98492
146291
42437
137267
45458
137918
45749
112541
79938
146999
50554
42348
112546
104661
117432
42378
143072
43592
40980
86948
146696
93841
147012
45807
42460
147010
151187
104653
138294
42342
42314
42636
45816
119913
42372
31679
146280
43595
120798
143039
42355
31743
42387
143020
117416
45774
45767
50533
82150
119939
86930
155676
125977
142909
102546
42630
44098
102545
43591
154327
44602
42393
112538
50529
64353
42468
134741
45777
42412
60861
48572
139547
112531
42464
42352
147001
164070
143369
31763
79897
120024
98480
31748
42403
142919
148362
50563
143065
42391
159364
91458
154329
145573
143101
146260
139890
145571
147002
82148
82111
42416
137247
31911
45770
155705
42458
128801
42745
148358
82109
46867
103291
60906
104643
154325
139548
82178
42347
143041
42358
50543
159183
93842
50527
31910
143043
31745
164067
42398
104663
77129
125978
164085
157377
59570
145563
104665
86924
112534
42456
124642
164077
147259
82123
124635
145567
45781
79936
42405
143070
117423
146256
164072
42409
48271
64591
117410
131694
147257
145555
44117
93839
117436
42360
43612
146413
155313
128170
148085
46833
31684
42634
146244
146263
60896
42484
80151
45782
50561
79632
42661
159503
31746
154319
45780
146284
70238
159416
42367
148360
117414
164084
42429
42312
50541
159366
96791
143068
82160
119920
154315
42310
111469
42480
82104
60792
42344
44577
84191
102934
80006
137912
42350
125987
91551
143040
159368
126377
71630
81129
113397
120036
124640
119934
60864
102935
146694
50512
31826
142915
146403
77125
96194
42488
81134
137265
142917
46863
42657
98488
108728
50525
91452
145569
42334
136407
82155
42316
45768
145778
142912
45772
50537
119935
112549
117427
142911
112547
102540
50550
135936
139888
146282
64436
42420
120475
135840
164080
120039
42410
31750
137273
59916
164079
146285
43578
164078
104649
120479
151183
151185
126374
31761
155709
147007
42652
44658
42315
46864
42294
50523
143098
113399
49544
